%YAML 1.0
---
cam_0:
  type: "rgb"
  serial: "938422075179"
  topic_name: "/cam_0/camera/color/image_raw"
  frame_id: "cam_0_color_optical_frame"
  child_frame_id: "livox_0"
  # extrinsic: [ 0.00700076, -0.025633, 0.999647, -0.0358457,
  #              0.000190191, -0.999671, -0.025635, -0.00642985,
  #              0.999975, 0.000369588, -0.00699358, -0.0101322,
  #              0.0, 0.0, 0.0, 1.0 ]
  extrinsic: [ 0.00700614, -0.0256546, 0.999646, -0.0358514,
               0.000218911, -0.999671, -0.0256568, -0.0065587,
               0.999975, 0.000398589, -0.00699822, -0.00990101,
               0.0, 0.0, 0.0, 1.0 ]
  intrinsic: [ 1374.997802734375, 0.0, 984.44140625,
               0.0, 1375.3271484375, 540.9267578125,
               0.0, 0.0, 1.0 ]
  distortion: [ 0.0, 0.0, 0.0, 0.0, 0.0 ]

cam_1:
  type: "rgb"
  serial: "937622070073"
  topic_name: "/cam_1/camera/color/image_raw"
  frame_id: "cam_1_color_optical_frame"
  child_frame_id: "livox_1"
  extrinsic: [ 0.00804936, -0.0238226, 0.999684, -0.040864,
               0.00765857, -0.999685, -0.0238843, 0.000272537,
               0.999938, 0.0078484, -0.00786438, -0.0186483,
               0.0, 0.0, 0.0, 1.0 ]
  intrinsic: [ 1383.9427490234375, 0.0, 980.1085205078125,
               0.0, 1384.119873046875, 530.9550170898438,
               0.0, 0.0, 1.0 ]
  distortion: [ 0.0, 0.0, 0.0, 0.0, 0.0 ]
